0.0 1.0
0.5 0.0
1.0 0.0
1.5 0.0
2.0 0.0
2.5 0.0
3.0 0.0
3.5 0.0
4.0 0.0
4.5 0.0
5.0 0.0
5.5 0.0
6.0 0.0
6.5 0.0
7.0 0.0
7.5 0.0
8.0 0.0
8.5 0.0
9.0 0.0
9.5 0.0
10.0 0.0
10.5 0.0
11.0 0.0
11.5 0.0
12.0 0.0
12.5 0.0
13.0 0.0
13.5 0.0
14.0 0.0
14.5 0.0
15.0 0.0
15.5 0.0
16.0 0.0
16.5 1.0
17.0 0.0
17.5 0.0
18.0 0.0
18.5 0.0
19.0 0.0
19.5 0.0
20.0 0.0
20.5 0.0
21.0 0.0
21.5 0.0
22.0 0.0
22.5 1.0
23.0 0.0
23.5 0.0
24.0 0.0
24.5 0.0
25.0 0.0
25.5 0.0
26.0 0.0
26.5 0.0
27.0 0.0
27.5 0.0
28.0 0.0
28.5 0.0
29.0 0.0
29.5 0.0
30.0 0.0
30.5 0.0
31.0 0.0
31.5 0.0
32.0 0.0
32.5 1.0
33.0 0.0
33.5 1.0
34.0 0.0
34.5 0.0
35.0 0.0
35.5 0.0
36.0 0.0
36.5 0.0
37.0 1.0
37.5 0.0
38.0 0.0
38.5 0.0
39.0 0.0
39.5 0.0
40.0 0.0
40.5 0.0
41.0 0.0
41.5 0.0
42.0 0.0
42.5 0.0
43.0 0.0
43.5 0.0
44.0 1.0
44.5 0.0
45.0 0.0
45.5 0.0
46.0 0.0
46.5 0.0
47.0 0.0
47.5 0.0
48.0 0.0
48.5 0.0
49.0 0.0
49.5 0.0
50.0 0.0
50.5 0.0
51.0 1.0
51.5 0.0
52.0 1.0
52.5 0.0
53.0 0.0
53.5 1.0
54.0 1.0
54.5 1.0
55.0 0.0
55.5 0.0
56.0 1.0
56.5 0.0
57.0 1.0
57.5 2.0
58.0 0.0
58.5 1.0
59.0 0.0
59.5 0.0
60.0 1.0
60.5 0.0
61.0 1.0
61.5 0.0
62.0 0.0
62.5 0.0
63.0 0.0
63.5 0.0
64.0 0.0
64.5 0.0
65.0 0.0
65.5 0.0
66.0 1.0
66.5 1.0
67.0 0.0
67.5 1.0
68.0 0.0
68.5 1.0
69.0 0.0
69.5 4.0
70.0 1.0
70.5 1.0
71.0 0.0
71.5 1.0
72.0 1.0
72.5 1.0
73.0 0.0
73.5 0.0
74.0 0.0
74.5 0.0
75.0 1.0
75.5 0.0
76.0 3.0
76.5 2.0
77.0 2.0
77.5 1.0
78.0 0.0
78.5 0.0
79.0 0.0
79.5 0.0
80.0 0.0
80.5 1.0
81.0 0.0
81.5 0.0
82.0 1.0
82.5 0.0
83.0 0.0
83.5 1.0
84.0 0.0
84.5 2.0
85.0 0.0
85.5 0.0
86.0 0.0
86.5 1.0
87.0 2.0
87.5 0.0
88.0 0.0
88.5 2.0
89.0 0.0
89.5 1.0
90.0 0.0
90.5 1.0
91.0 1.0
91.5 0.0
92.0 1.0
92.5 0.0
93.0 1.0
93.5 0.0
94.0 1.0
94.5 1.0
95.0 1.0
95.5 0.0
96.0 2.0
96.5 0.0
97.0 0.0
97.5 0.0
98.0 1.0
98.5 0.0
99.0 2.0
99.5 0.0
100.0 1.0
100.5 0.0
101.0 1.0
101.5 0.0
102.0 0.0
102.5 2.0
103.0 1.0
103.5 0.0
104.0 0.0
104.5 1.0
105.0 0.0
105.5 1.0
106.0 2.0
106.5 1.0
107.0 0.0
107.5 0.0
108.0 1.0
108.5 0.0
109.0 1.0
109.5 0.0
110.0 1.0
110.5 0.0
111.0 1.0
111.5 2.0
112.0 0.0
112.5 0.0
113.0 0.0
113.5 0.0
114.0 1.0
114.5 1.0
115.0 1.0
115.5 1.0
116.0 0.0
116.5 2.0
117.0 0.0
117.5 1.0
118.0 0.0
118.5 2.0
119.0 1.0
119.5 1.0
120.0 1.0
120.5 3.0
121.0 0.0
121.5 2.0
122.0 0.0
122.5 0.0
123.0 0.0
123.5 0.0
124.0 0.0
124.5 1.0
125.0 1.0
125.5 3.0
126.0 1.0
126.5 1.0
127.0 0.0
127.5 0.0
128.0 0.0
128.5 0.0
129.0 1.0
129.5 1.0
130.0 1.0
130.5 0.0
131.0 0.0
131.5 0.0
132.0 1.0
132.5 2.0
133.0 1.0
133.5 0.0
134.0 0.0
134.5 1.0
135.0 1.0
135.5 1.0
136.0 2.0
136.5 1.0
137.0 4.0
137.5 2.0
138.0 0.0
138.5 0.0
139.0 0.0
139.5 0.0
140.0 0.0
140.5 0.0
141.0 0.0
141.5 0.0
142.0 1.0
142.5 3.0
143.0 1.0
143.5 0.0
144.0 0.0
144.5 1.0
145.0 0.0
145.5 0.0
146.0 0.0
146.5 0.0
147.0 2.0
147.5 1.0
148.0 1.0
148.5 0.0
149.0 1.0
149.5 0.0
150.0 0.0
150.5 1.0
151.0 0.0
151.5 3.0
152.0 1.0
152.5 0.0
153.0 1.0
153.5 0.0
154.0 0.0
154.5 2.0
155.0 2.0
155.5 0.0
156.0 0.0
156.5 2.0
157.0 0.0
157.5 1.0
158.0 1.0
158.5 0.0
159.0 1.0
159.5 1.0
160.0 0.0
160.5 0.0
161.0 1.0
161.5 0.0
162.0 1.0
162.5 0.0
163.0 0.0
163.5 1.0
164.0 1.0
164.5 0.0
165.0 2.0
165.5 1.0
166.0 0.0
166.5 0.0
167.0 1.0
167.5 0.0
168.0 0.0
168.5 1.0
169.0 0.0
169.5 1.0
170.0 1.0
170.5 1.0
171.0 1.0
171.5 0.0
172.0 0.0
172.5 0.0
173.0 1.0
173.5 2.0
174.0 0.0
174.5 0.0
175.0 0.0
175.5 2.0
176.0 0.0
176.5 1.0
177.0 0.0
177.5 0.0
178.0 0.0
178.5 0.0
179.0 1.0
179.5 2.0
180.0 1.0
180.5 1.0
181.0 0.0
181.5 1.0
182.0 1.0
182.5 0.0
183.0 0.0
183.5 0.0
184.0 1.0
184.5 1.0
185.0 1.0
185.5 0.0
186.0 0.0
186.5 0.0
187.0 1.0
187.5 2.0
188.0 1.0
188.5 -1.0
189.0 -3.0
189.5 -4.0
190.0 -6.0
190.5 0.0
191.0 -4.0
191.5 -2.0
192.0 0.0
192.5 -1.0
193.0 1.0
193.5 2.0
194.0 1.0
194.5 0.0
195.0 1.0
195.5 1.0
196.0 1.0
196.5 0.0
197.0 1.0
197.5 1.0
198.0 0.0
198.5 3.0
199.0 2.0
199.5 1.0
200.0 1.0
200.5 -1.0
201.0 0.0
201.5 0.0
202.0 0.0
202.5 3.0
203.0 2.0
203.5 0.0
204.0 0.0
204.5 1.0
205.0 1.0
205.5 2.0
206.0 0.0
206.5 1.0
207.0 0.0
207.5 0.0
208.0 1.0
208.5 1.0
209.0 0.0
209.5 1.0
210.0 1.0
210.5 1.0
211.0 0.0
211.5 0.0
212.0 0.0
212.5 1.0
213.0 0.0
213.5 0.0
214.0 0.0
214.5 0.0
215.0 1.0
215.5 1.0
216.0 1.0
216.5 1.0
217.0 1.0
217.5 4.0
218.0 0.0
218.5 0.0
219.0 0.0
219.5 2.0
220.0 3.0
220.5 2.0
221.0 2.0
221.5 4.0
222.0 6.0
222.5 0.0
223.0 5.0
223.5 4.0
224.0 9.0
224.5 7.0
225.0 8.0
225.5 11.0
226.0 5.0
226.5 0.0
227.0 3.0
227.5 4.0
228.0 7.0
228.5 0.0
229.0 2.0
229.5 9.0
230.0 9.0
230.5 3.0
231.0 -1.0
231.5 3.0
232.0 10.0
232.5 4.0
233.0 6.0
233.5 1.0
234.0 6.0
234.5 8.0
235.0 10.0
235.5 1.0
236.0 5.0
236.5 6.0
237.0 4.0
237.5 3.0
238.0 3.0
238.5 5.0
239.0 7.0
239.5 7.0
240.0 4.0
240.5 3.0
241.0 6.0
241.5 7.0
242.0 5.0
242.5 2.0
243.0 6.0
243.5 11.0
244.0 8.0
244.5 20.0
245.0 17.0
245.5 14.0
246.0 5.0
246.5 9.0
247.0 1.0
247.5 5.0
248.0 10.0
248.5 4.0
249.0 8.0
249.5 4.0
250.0 6.0
250.5 3.0
251.0 6.0
251.5 0.0
252.0 -2.0
252.5 3.0
253.0 2.0
253.5 9.0
254.0 6.0
254.5 2.0
255.0 6.0
255.5 3.0
256.0 7.0
256.5 2.0
257.0 6.0
257.5 4.0
258.0 5.0
258.5 7.0
259.0 4.0
259.5 7.0
260.0 4.0
260.5 3.0
261.0 2.0
261.5 4.0
262.0 5.0
262.5 10.0
263.0 5.0
263.5 3.0
264.0 4.0
264.5 5.0
265.0 3.0
265.5 3.0
266.0 6.0
266.5 8.0
267.0 3.0
267.5 6.0
268.0 3.0
268.5 6.0
269.0 2.0
269.5 5.0
270.0 6.0
270.5 6.0
271.0 10.0
271.5 2.0
272.0 1.0
272.5 5.0
273.0 7.0
273.5 5.0
274.0 2.0
274.5 2.0
275.0 4.0
275.5 4.0
276.0 5.0
276.5 0.0
277.0 5.0
277.5 3.0
278.0 6.0
278.5 2.0
279.0 4.0
279.5 2.0
280.0 2.0
280.5 5.0
281.0 1.0
281.5 3.0
282.0 4.0
282.5 3.0
283.0 5.0
283.5 5.0
284.0 3.0
284.5 5.0
285.0 6.0
285.5 3.0
286.0 2.0
286.5 6.0
287.0 3.0
287.5 3.0
288.0 0.0
288.5 4.0
289.0 2.0
289.5 3.0
290.0 2.0
290.5 3.0
291.0 3.0
291.5 4.0
292.0 4.0
292.5 5.0
293.0 4.0
293.5 1.0
294.0 0.0
294.5 2.0
295.0 1.0
295.5 3.0
296.0 3.0
296.5 2.0
297.0 4.0
297.5 1.0
298.0 1.0
298.5 5.0
299.0 3.0
299.5 3.0
300.0 4.0
300.5 3.0
301.0 5.0
301.5 3.0
302.0 6.0
302.5 3.0
303.0 4.0
303.5 3.0
304.0 5.0
304.5 1.0
305.0 2.0
305.5 3.0
306.0 0.0
306.5 6.0
307.0 7.0
307.5 4.0
308.0 1.0
308.5 4.0
309.0 5.0
309.5 6.0
310.0 3.0
310.5 1.0
311.0 2.0
311.5 2.0
312.0 2.0
312.5 5.0
313.0 3.0
313.5 3.0
314.0 9.0
314.5 2.0
315.0 6.0
315.5 1.0
316.0 5.0
316.5 7.0
317.0 5.0
317.5 4.0
318.0 0.0
318.5 3.0
319.0 2.0
319.5 6.0
320.0 11.0
320.5 9.0
321.0 9.0
321.5 2.0
322.0 3.0
322.5 4.0
323.0 5.0
323.5 5.0
324.0 5.0
324.5 4.0
325.0 6.0
325.5 6.0
326.0 0.0
326.5 9.0
327.0 8.0
327.5 2.0
328.0 2.0
328.5 2.0
329.0 8.0
329.5 4.0
330.0 4.0
330.5 2.0
331.0 3.0
331.5 4.0
332.0 3.0
332.5 3.0
333.0 2.0
333.5 2.0
334.0 2.0
334.5 4.0
335.0 4.0
335.5 0.0
336.0 4.0
336.5 2.0
337.0 1.0
337.5 3.0
338.0 7.0
338.5 6.0
339.0 3.0
339.5 3.0
340.0 3.0
340.5 4.0
341.0 4.0
341.5 3.0
342.0 3.0
342.5 2.0
343.0 5.0
343.5 3.0
344.0 3.0
344.5 1.0
345.0 8.0
345.5 3.0
346.0 4.0
346.5 2.0
347.0 -2.0
347.5 1.0
348.0 4.0
348.5 1.0
349.0 1.0
349.5 5.0
350.0 6.0
350.5 4.0
351.0 3.0
351.5 4.0
352.0 15.0
352.5 6.0
353.0 14.0
353.5 19.0
354.0 16.0
354.5 19.0
355.0 13.0
355.5 8.0
356.0 7.0
356.5 5.0
357.0 7.0
357.5 2.0
358.0 4.0
358.5 3.0
359.0 4.0
359.5 0.0
360.0 5.0
360.5 0.0
361.0 3.0
361.5 3.0
362.0 5.0
362.5 3.0
363.0 1.0
363.5 1.0
364.0 6.0
364.5 1.0
365.0 3.0
365.5 1.0
366.0 1.0
366.5 2.0
367.0 0.0
367.5 7.0
368.0 0.0
368.5 5.0
369.0 2.0
369.5 4.0
370.0 5.0
370.5 5.0
371.0 -1.0
371.5 3.0
372.0 0.0
372.5 3.0
373.0 2.0
373.5 4.0
374.0 10.0
374.5 14.0
375.0 19.0
375.5 22.0
376.0 19.0
376.5 18.0
377.0 12.0
377.5 29.0
378.0 26.0
378.5 27.0
379.0 22.0
379.5 10.0
380.0 17.0
380.5 7.0
381.0 5.0
381.5 4.0
382.0 0.0
382.5 3.0
383.0 1.0
383.5 4.0
384.0 1.0
384.5 4.0
385.0 6.0
385.5 4.0
386.0 4.0
386.5 3.0
387.0 1.0
387.5 1.0
388.0 4.0
388.5 1.0
389.0 3.0
389.5 4.0
390.0 7.0
390.5 4.0
391.0 5.0
391.5 11.0
392.0 16.0
392.5 14.0
393.0 17.0
393.5 15.0
394.0 20.0
394.5 8.0
395.0 10.0
395.5 5.0
396.0 3.0
396.5 3.0
397.0 -1.0
397.5 1.0
398.0 4.0
398.5 6.0
399.0 3.0
399.5 2.0
400.0 1.0
400.5 4.0
401.0 2.0
401.5 5.0
402.0 3.0
402.5 3.0
403.0 3.0
403.5 5.0
404.0 4.0
404.5 1.0
405.0 3.0
405.5 2.0
406.0 3.0
406.5 5.0
407.0 0.0
407.5 2.0
408.0 0.0
408.5 4.0
409.0 2.0
409.5 4.0
410.0 3.0
410.5 5.0
411.0 6.0
411.5 0.0
412.0 4.0
412.5 1.0
413.0 4.0
413.5 2.0
414.0 3.0
414.5 4.0
415.0 0.0
415.5 3.0
416.0 -1.0
416.5 8.0
417.0 3.0
417.5 5.0
418.0 2.0
418.5 2.0
419.0 6.0
419.5 6.0
420.0 4.0
420.5 7.0
421.0 2.0
421.5 0.0
422.0 7.0
422.5 2.0
423.0 0.0
423.5 2.0
424.0 0.0
424.5 5.0
425.0 4.0
425.5 5.0
426.0 4.0
426.5 1.0
427.0 2.0
427.5 1.0
428.0 5.0
428.5 2.0
429.0 0.0
429.5 3.0
430.0 0.0
430.5 5.0
431.0 5.0
431.5 1.0
432.0 2.0
432.5 0.0
433.0 0.0
433.5 1.0
434.0 3.0
434.5 1.0
435.0 3.0
435.5 1.0
436.0 1.0
436.5 2.0
437.0 3.0
437.5 1.0
438.0 3.0
438.5 3.0
439.0 2.0
439.5 3.0
440.0 2.0
440.5 0.0
441.0 3.0
441.5 1.0
442.0 2.0
442.5 4.0
443.0 5.0
443.5 2.0
444.0 2.0
444.5 3.0
445.0 3.0
445.5 6.0
446.0 0.0
446.5 0.0
447.0 2.0
447.5 4.0
448.0 4.0
448.5 8.0
449.0 2.0
449.5 -1.0
450.0 2.0
450.5 7.0
451.0 3.0
451.5 4.0
452.0 2.0
452.5 1.0
453.0 4.0
453.5 5.0
454.0 2.0
454.5 2.0
455.0 4.0
455.5 5.0
456.0 2.0
456.5 2.0
457.0 2.0
457.5 3.0
458.0 2.0
458.5 3.0
459.0 1.0
459.5 5.0
460.0 0.0
460.5 3.0
461.0 3.0
461.5 4.0
462.0 3.0
462.5 1.0
463.0 3.0
463.5 7.0
464.0 -1.0
464.5 7.0
465.0 0.0
465.5 -1.0
466.0 4.0
466.5 1.0
467.0 5.0
467.5 2.0
468.0 1.0
468.5 0.0
469.0 1.0
469.5 2.0
470.0 0.0
470.5 2.0
471.0 5.0
471.5 4.0
472.0 4.0
472.5 0.0
473.0 6.0
473.5 0.0
474.0 0.0
474.5 2.0
475.0 4.0
475.5 3.0
476.0 2.0
476.5 1.0
477.0 2.0
477.5 4.0
478.0 1.0
478.5 0.0
479.0 1.0
479.5 0.0
480.0 2.0
480.5 3.0
481.0 0.0
481.5 3.0
482.0 5.0
482.5 1.0
483.0 -1.0
483.5 5.0
484.0 3.0
484.5 1.0
485.0 0.0
485.5 1.0
486.0 3.0
486.5 -1.0
487.0 4.0
487.5 0.0
488.0 5.0
488.5 1.0
489.0 5.0
489.5 4.0
490.0 6.0
490.5 1.0
491.0 1.0
491.5 3.0
492.0 4.0
492.5 4.0
493.0 4.0
493.5 2.0
494.0 2.0
494.5 4.0
495.0 0.0
495.5 2.0
496.0 4.0
496.5 5.0
497.0 1.0
497.5 1.0
498.0 1.0
498.5 2.0
499.0 0.0
499.5 2.0
500.0 4.0
500.5 6.0
501.0 2.0
501.5 4.0
502.0 6.0
502.5 3.0
503.0 4.0
503.5 4.0
504.0 3.0
504.5 4.0
505.0 11.0
505.5 5.0
506.0 10.0
506.5 7.0
507.0 7.0
507.5 -1.0
508.0 3.0
508.5 7.0
509.0 8.0
509.5 4.0
510.0 2.0
510.5 4.0
511.0 3.0
511.5 5.0
512.0 3.0
512.5 3.0
513.0 1.0
513.5 7.0
514.0 6.0
514.5 6.0
515.0 1.0
515.5 5.0
516.0 2.0
516.5 4.0
517.0 0.0
517.5 0.0
518.0 7.0
518.5 -2.0
519.0 5.0
519.5 2.0
520.0 6.0
520.5 6.0
521.0 2.0
521.5 7.0
522.0 5.0
522.5 4.0
523.0 10.0
523.5 2.0
524.0 10.0
524.5 -1.0
525.0 3.0
525.5 5.0
526.0 6.0
526.5 4.0
527.0 2.0
527.5 2.0
528.0 4.0
528.5 1.0
529.0 2.0
529.5 3.0
530.0 4.0
530.5 3.0
531.0 4.0
531.5 2.0
532.0 0.0
532.5 7.0
533.0 6.0
533.5 1.0
534.0 0.0
534.5 4.0
535.0 3.0
535.5 5.0
536.0 2.0
536.5 4.0
537.0 5.0
537.5 11.0
538.0 4.0
538.5 4.0
539.0 3.0
539.5 1.0
540.0 1.0
540.5 3.0
541.0 1.0
541.5 1.0
542.0 0.0
542.5 6.0
543.0 1.0
543.5 4.0
544.0 4.0
544.5 1.0
545.0 2.0
545.5 2.0
546.0 3.0
546.5 2.0
547.0 6.0
547.5 5.0
548.0 2.0
548.5 4.0
549.0 3.0
549.5 2.0
550.0 3.0
550.5 0.0
551.0 4.0
551.5 1.0
552.0 1.0
552.5 4.0
553.0 4.0
553.5 4.0
554.0 1.0
554.5 7.0
555.0 4.0
555.5 9.0
556.0 4.0
556.5 2.0
557.0 3.0
557.5 0.0
558.0 6.0
558.5 4.0
559.0 5.0
559.5 2.0
560.0 10.0
560.5 3.0
561.0 0.0
561.5 2.0
562.0 0.0
562.5 3.0
563.0 2.0
563.5 6.0
564.0 4.0
564.5 3.0
565.0 2.0
565.5 5.0
566.0 8.0
566.5 5.0
567.0 12.0
567.5 11.0
568.0 9.0
568.5 6.0
569.0 9.0
569.5 7.0
570.0 15.0
570.5 9.0
571.0 16.0
571.5 7.0
572.0 8.0
572.5 7.0
573.0 5.0
573.5 2.0
574.0 1.0
574.5 3.0
575.0 4.0
575.5 8.0
576.0 5.0
576.5 6.0
577.0 1.0
577.5 3.0
578.0 3.0
578.5 1.0
579.0 3.0
579.5 1.0
580.0 5.0
580.5 4.0
581.0 0.0
581.5 0.0
582.0 0.0
582.5 1.0
583.0 1.0
583.5 5.0
584.0 2.0
584.5 3.0
585.0 0.0
585.5 3.0
586.0 1.0
586.5 3.0
587.0 5.0
587.5 3.0
588.0 4.0
588.5 5.0
589.0 7.0
589.5 3.0
590.0 3.0
590.5 4.0
591.0 4.0
591.5 3.0
592.0 1.0
592.5 3.0
593.0 3.0
593.5 -1.0
594.0 6.0
594.5 4.0
595.0 3.0
595.5 5.0
596.0 2.0
596.5 3.0
597.0 1.0
597.5 2.0
598.0 2.0
598.5 1.0
599.0 0.0
599.5 4.0
600.0 2.0
600.5 5.0
601.0 4.0
601.5 1.0
602.0 6.0
602.5 4.0
603.0 1.0
603.5 2.0
604.0 2.0
604.5 1.0
605.0 4.0
605.5 3.0
606.0 3.0
606.5 6.0
607.0 0.0
607.5 2.0
608.0 5.0
608.5 1.0
609.0 4.0
609.5 0.0
610.0 5.0
610.5 2.0
611.0 2.0
611.5 -1.0
612.0 3.0
612.5 10.0
613.0 3.0
613.5 4.0
614.0 3.0
614.5 1.0
615.0 5.0
615.5 3.0
616.0 5.0
616.5 2.0
617.0 3.0
617.5 2.0
618.0 2.0
618.5 0.0
619.0 2.0
619.5 1.0
620.0 7.0
620.5 1.0
621.0 5.0
621.5 4.0
622.0 4.0
622.5 4.0
623.0 7.0
623.5 3.0
624.0 3.0
624.5 3.0
625.0 5.0
625.5 2.0
626.0 0.0
626.5 1.0
627.0 0.0
627.5 4.0
628.0 9.0
628.5 3.0
629.0 7.0
629.5 1.0
630.0 1.0
630.5 2.0
631.0 4.0
631.5 1.0
632.0 1.0
632.5 1.0
633.0 2.0
633.5 2.0
634.0 6.0
634.5 2.0
635.0 0.0
635.5 0.0
636.0 1.0
636.5 5.0
637.0 3.0
637.5 2.0
638.0 3.0
638.5 3.0
639.0 3.0
639.5 2.0
640.0 3.0
640.5 5.0
641.0 5.0
641.5 3.0
642.0 5.0
642.5 3.0
643.0 3.0
643.5 1.0
644.0 2.0
644.5 0.0
645.0 2.0
645.5 2.0
646.0 2.0
646.5 3.0
647.0 1.0
647.5 5.0
648.0 2.0
648.5 2.0
649.0 -1.0
649.5 4.0
650.0 2.0
650.5 2.0
651.0 5.0
651.5 4.0
652.0 5.0
652.5 2.0
653.0 1.0
653.5 3.0
654.0 1.0
654.5 1.0
655.0 2.0
655.5 3.0
656.0 3.0
656.5 4.0
657.0 -1.0
657.5 2.0
658.0 1.0
658.5 2.0
659.0 -1.0
659.5 4.0
660.0 1.0
660.5 3.0
661.0 1.0
661.5 2.0
662.0 4.0
662.5 2.0
663.0 1.0
663.5 2.0
664.0 3.0
664.5 3.0
665.0 7.0
665.5 6.0
666.0 5.0
666.5 7.0
667.0 5.0
667.5 6.0
668.0 6.0
668.5 9.0
669.0 2.0
669.5 8.0
670.0 2.0
670.5 9.0
671.0 9.0
671.5 4.0
672.0 4.0
672.5 4.0
673.0 5.0
673.5 5.0
674.0 4.0
674.5 1.0
675.0 4.0
675.5 2.0
676.0 3.0
676.5 3.0
677.0 6.0
677.5 2.0
678.0 5.0
678.5 5.0
679.0 4.0
679.5 2.0
680.0 6.0
680.5 2.0
681.0 3.0
681.5 1.0
682.0 3.0
682.5 4.0
683.0 3.0
683.5 4.0
684.0 3.0
684.5 6.0
685.0 5.0
685.5 1.0
686.0 4.0
686.5 -1.0
687.0 1.0
687.5 3.0
688.0 2.0
688.5 3.0
689.0 0.0
689.5 4.0
690.0 -1.0
690.5 1.0
691.0 2.0
691.5 1.0
692.0 0.0
692.5 2.0
693.0 3.0
693.5 2.0
694.0 2.0
694.5 3.0
695.0 0.0
695.5 2.0
696.0 1.0
696.5 3.0
697.0 3.0
697.5 -1.0
698.0 1.0
698.5 5.0
699.0 1.0
699.5 2.0
700.0 1.0
700.5 2.0
701.0 1.0
701.5 5.0
702.0 4.0
702.5 3.0
703.0 3.0
703.5 3.0
704.0 4.0
704.5 3.0
705.0 3.0
705.5 2.0
706.0 -1.0
706.5 4.0
707.0 1.0
707.5 3.0
708.0 3.0
708.5 4.0
709.0 2.0
709.5 2.0
710.0 4.0
710.5 2.0
711.0 4.0
711.5 2.0
712.0 3.0
712.5 0.0
713.0 6.0
713.5 8.0
714.0 0.0
714.5 4.0
715.0 2.0
715.5 3.0
716.0 1.0
716.5 0.0
717.0 2.0
717.5 3.0
718.0 2.0
718.5 2.0
719.0 1.0
719.5 7.0
720.0 6.0
720.5 3.0
721.0 10.0
721.5 12.0
722.0 11.0
722.5 8.0
723.0 7.0
723.5 12.0
724.0 4.0
724.5 3.0
725.0 7.0
725.5 3.0
726.0 7.0
726.5 2.0
727.0 1.0
727.5 3.0
728.0 2.0
728.5 2.0
729.0 5.0
729.5 1.0
730.0 3.0
730.5 3.0
731.0 2.0
731.5 3.0
732.0 3.0
732.5 3.0
733.0 3.0
733.5 2.0
734.0 3.0
734.5 2.0
735.0 0.0
735.5 3.0
736.0 3.0
736.5 1.0
737.0 2.0
737.5 3.0
738.0 -1.0
738.5 1.0
739.0 1.0
739.5 0.0
740.0 1.0
740.5 1.0
741.0 0.0
741.5 1.0
742.0 1.0
742.5 4.0
743.0 2.0
743.5 2.0
744.0 0.0
744.5 0.0
745.0 0.0
745.5 1.0
746.0 0.0
746.5 1.0
747.0 -2.0
747.5 -2.0
748.0 2.0
748.5 -2.0
749.0 1.0
749.5 -4.0
750.0 -4.0
750.5 -3.0
751.0 -3.0
751.5 0.0
752.0 2.0
752.5 -3.0
753.0 4.0
753.5 4.0
754.0 -1.0
754.5 5.0
755.0 2.0
755.5 4.0
756.0 -1.0
756.5 4.0
757.0 1.0
757.5 1.0
758.0 2.0
758.5 1.0
759.0 4.0
759.5 2.0
760.0 1.0
760.5 2.0
761.0 0.0
761.5 0.0
762.0 1.0
762.5 1.0
763.0 1.0
763.5 4.0
764.0 1.0
764.5 2.0
765.0 2.0
765.5 0.0
766.0 5.0
766.5 0.0
767.0 4.0
767.5 3.0
768.0 2.0
768.5 3.0
769.0 0.0
769.5 1.0
770.0 0.0
770.5 3.0
771.0 2.0
771.5 2.0
772.0 2.0
772.5 0.0
773.0 0.0
773.5 3.0
774.0 1.0
774.5 2.0
775.0 1.0
775.5 2.0
776.0 1.0
776.5 0.0
777.0 3.0
777.5 1.0
778.0 0.0
778.5 3.0
779.0 3.0
779.5 2.0
780.0 5.0
780.5 5.0
781.0 3.0
781.5 7.0
782.0 1.0
782.5 2.0
783.0 0.0
783.5 5.0
784.0 -1.0
784.5 1.0
785.0 2.0
785.5 2.0
786.0 2.0
786.5 2.0
787.0 4.0
787.5 1.0
788.0 1.0
788.5 2.0
789.0 2.0
789.5 5.0
790.0 4.0
790.5 1.0
791.0 1.0
791.5 3.0
792.0 0.0
792.5 0.0
793.0 0.0
793.5 2.0
794.0 4.0
794.5 3.0
795.0 0.0
795.5 1.0
796.0 8.0
796.5 4.0
797.0 4.0
797.5 3.0
798.0 4.0
798.5 5.0
799.0 3.0
799.5 2.0
800.0 4.0
800.5 3.0
801.0 1.0
801.5 -1.0
802.0 1.0
802.5 1.0
803.0 -1.0
803.5 3.0
804.0 5.0
804.5 1.0
805.0 3.0
805.5 2.0
806.0 7.0
806.5 7.0
807.0 2.0
807.5 6.0
808.0 1.0
808.5 6.0
809.0 5.0
809.5 7.0
810.0 5.0
810.5 1.0
811.0 3.0
811.5 2.0
812.0 5.0
812.5 -1.0
813.0 0.0
813.5 5.0
814.0 1.0
814.5 -1.0
815.0 6.0
815.5 4.0
816.0 5.0
816.5 5.0
817.0 0.0
817.5 2.0
818.0 3.0
818.5 4.0
819.0 3.0
819.5 3.0
820.0 2.0
820.5 1.0
821.0 2.0
821.5 1.0
822.0 6.0
822.5 4.0
823.0 1.0
823.5 2.0
824.0 3.0
824.5 3.0
825.0 -1.0
825.5 3.0
826.0 1.0
826.5 2.0
827.0 4.0
827.5 0.0
828.0 2.0
828.5 2.0
829.0 4.0
829.5 5.0
830.0 2.0
830.5 4.0
831.0 5.0
831.5 2.0
832.0 4.0
832.5 7.0
833.0 8.0
833.5 10.0
834.0 13.0
834.5 19.0
835.0 10.0
835.5 15.0
836.0 23.0
836.5 18.0
837.0 19.0
837.5 13.0
838.0 22.0
838.5 21.0
839.0 34.0
839.5 45.0
840.0 29.0
840.5 53.0
841.0 45.0
841.5 26.0
842.0 48.0
842.5 23.0
843.0 19.0
843.5 20.0
844.0 21.0
844.5 10.0
845.0 11.0
845.5 6.0
846.0 5.0
846.5 3.0
847.0 1.0
847.5 0.0
848.0 0.0
848.5 3.0
849.0 2.0
849.5 4.0
850.0 0.0
850.5 2.0
851.0 1.0
851.5 5.0
852.0 2.0
852.5 0.0
853.0 1.0
853.5 6.0
854.0 1.0
854.5 4.0
855.0 2.0
855.5 2.0
856.0 4.0
856.5 3.0
857.0 3.0
857.5 5.0
858.0 5.0
858.5 2.0
859.0 4.0
859.5 5.0
860.0 3.0
860.5 1.0
861.0 4.0
861.5 2.0
862.0 2.0
862.5 4.0
863.0 8.0
863.5 1.0
864.0 -2.0
864.5 2.0
865.0 0.0
865.5 4.0
866.0 3.0
866.5 -1.0
867.0 1.0
867.5 2.0
868.0 2.0
868.5 3.0
869.0 4.0
869.5 0.0
870.0 2.0
870.5 5.0
871.0 4.0
871.5 2.0
872.0 1.0
872.5 1.0
873.0 1.0
873.5 0.0
874.0 2.0
874.5 2.0
875.0 0.0
875.5 0.0
876.0 3.0
876.5 0.0
877.0 4.0
877.5 2.0
878.0 2.0
878.5 2.0
879.0 2.0
879.5 2.0
880.0 0.0
880.5 2.0
881.0 1.0
881.5 4.0
882.0 3.0
882.5 2.0
883.0 2.0
883.5 2.0
884.0 3.0
884.5 1.0
885.0 0.0
885.5 4.0
886.0 4.0
886.5 1.0
887.0 -1.0
887.5 -1.0
888.0 2.0
888.5 4.0
889.0 0.0
889.5 4.0
890.0 4.0
890.5 8.0
891.0 4.0
891.5 6.0
892.0 2.0
892.5 10.0
893.0 8.0
893.5 10.0
894.0 10.0
894.5 14.0
895.0 16.0
895.5 9.0
896.0 4.0
896.5 1.0
897.0 2.0
897.5 1.0
898.0 7.0
898.5 1.0
899.0 5.0
899.5 3.0
900.0 7.0
900.5 4.0
901.0 7.0
901.5 7.0
902.0 12.0
902.5 4.0
903.0 4.0
903.5 8.0
904.0 10.0
904.5 3.0
905.0 4.0
905.5 4.0
906.0 2.0
906.5 3.0
907.0 5.0
907.5 0.0
908.0 3.0
908.5 1.0
909.0 4.0
909.5 4.0
910.0 7.0
910.5 2.0
911.0 2.0
911.5 5.0
912.0 4.0
912.5 3.0
913.0 2.0
913.5 2.0
914.0 3.0
914.5 3.0
915.0 2.0
915.5 3.0
916.0 0.0
916.5 1.0
917.0 5.0
917.5 2.0
918.0 3.0
918.5 2.0
919.0 2.0
919.5 3.0
920.0 3.0
920.5 4.0
921.0 -1.0
921.5 0.0
922.0 2.0
922.5 1.0
923.0 0.0
923.5 3.0
924.0 4.0
924.5 2.0
925.0 2.0
925.5 3.0
926.0 1.0
926.5 3.0
927.0 3.0
927.5 5.0
928.0 1.0
928.5 0.0
929.0 5.0
929.5 1.0
930.0 0.0
930.5 4.0
931.0 1.0
931.5 0.0
932.0 0.0
932.5 1.0
933.0 0.0
933.5 3.0
934.0 -1.0
934.5 5.0
935.0 1.0
935.5 -1.0
936.0 6.0
936.5 3.0
937.0 3.0
937.5 4.0
938.0 1.0
938.5 1.0
939.0 3.0
939.5 1.0
940.0 0.0
940.5 0.0
941.0 0.0
941.5 3.0
942.0 3.0
942.5 0.0
943.0 -1.0
943.5 -1.0
944.0 2.0
944.5 3.0
945.0 3.0
945.5 1.0
946.0 2.0
946.5 4.0
947.0 0.0
947.5 4.0
948.0 1.0
948.5 0.0
949.0 2.0
949.5 5.0
950.0 2.0
950.5 4.0
951.0 2.0
951.5 3.0
952.0 2.0
952.5 2.0
953.0 0.0
953.5 2.0
954.0 0.0
954.5 1.0
955.0 0.0
955.5 1.0
956.0 3.0
956.5 2.0
957.0 1.0
957.5 1.0
958.0 -1.0
958.5 3.0
959.0 1.0
959.5 3.0
960.0 6.0
960.5 11.0
961.0 8.0
961.5 15.0
962.0 12.0
962.5 13.0
963.0 5.0
963.5 14.0
964.0 9.0
964.5 5.0
965.0 6.0
965.5 9.0
966.0 8.0
966.5 2.0
967.0 2.0
967.5 2.0
968.0 2.0
968.5 1.0
969.0 1.0
969.5 0.0
970.0 0.0
970.5 0.0
971.0 1.0
971.5 1.0
972.0 4.0
972.5 1.0
973.0 1.0
973.5 1.0
974.0 1.0
974.5 1.0
975.0 3.0
975.5 1.0
976.0 4.0
976.5 3.0
977.0 1.0
977.5 2.0
978.0 3.0
978.5 4.0
979.0 2.0
979.5 2.0
980.0 7.0
980.5 4.0
981.0 1.0
981.5 1.0
982.0 4.0
982.5 2.0
983.0 4.0
983.5 0.0
984.0 2.0
984.5 1.0
985.0 -1.0
985.5 1.0
986.0 -1.0
986.5 0.0
987.0 0.0
987.5 -1.0
988.0 2.0
988.5 4.0
989.0 0.0
989.5 1.0
990.0 0.0
990.5 5.0
991.0 2.0
991.5 3.0
992.0 5.0
992.5 3.0
993.0 1.0
993.5 4.0
994.0 0.0
994.5 3.0
995.0 1.0
995.5 3.0
996.0 5.0
996.5 0.0
997.0 3.0
997.5 5.0
998.0 0.0
998.5 2.0
999.0 5.0
999.5 1.0
1000.0 1.0
1000.5 2.0
1001.0 4.0
1001.5 2.0
1002.0 2.0
1002.5 3.0
1003.0 1.0
1003.5 0.0
1004.0 2.0
1004.5 2.0
1005.0 2.0
1005.5 4.0
1006.0 4.0
1006.5 3.0
1007.0 0.0
1007.5 4.0
1008.0 6.0
1008.5 0.0
1009.0 7.0
1009.5 3.0
1010.0 4.0
1010.5 0.0
1011.0 1.0
1011.5 3.0
1012.0 3.0
1012.5 3.0
1013.0 2.0
1013.5 1.0
1014.0 -1.0
1014.5 5.0
1015.0 3.0
1015.5 0.0
1016.0 1.0
1016.5 1.0
1017.0 4.0
1017.5 3.0
1018.0 -1.0
1018.5 5.0
1019.0 1.0
1019.5 2.0
1020.0 3.0
1020.5 2.0
1021.0 1.0
1021.5 2.0
1022.0 3.0
1022.5 1.0
1023.0 0.0
1023.5 1.0
1024.0 1.0
1024.5 -1.0
1025.0 -2.0
1025.5 -4.0
1026.0 3.0
1026.5 -2.0
1027.0 -2.0
1027.5 0.0
1028.0 2.0
1028.5 -2.0
1029.0 -1.0
1029.5 0.0
1030.0 0.0
1030.5 3.0
1031.0 1.0
1031.5 3.0
1032.0 0.0
1032.5 2.0
1033.0 2.0
1033.5 1.0
1034.0 5.0
1034.5 1.0
1035.0 5.0
1035.5 2.0
1036.0 3.0
1036.5 -1.0
1037.0 0.0
1037.5 1.0
1038.0 4.0
1038.5 4.0
1039.0 1.0
1039.5 1.0
1040.0 0.0
1040.5 0.0
1041.0 2.0
1041.5 1.0
1042.0 2.0
1042.5 1.0
1043.0 2.0
1043.5 1.0
1044.0 3.0
1044.5 3.0
1045.0 0.0
1045.5 3.0
1046.0 1.0
1046.5 1.0
1047.0 3.0
1047.5 3.0
1048.0 0.0
1048.5 -1.0
1049.0 2.0
1049.5 2.0
1050.0 4.0
1050.5 2.0
1051.0 0.0
1051.5 1.0
1052.0 1.0
1052.5 3.0
1053.0 0.0
1053.5 1.0
1054.0 3.0
1054.5 0.0
1055.0 1.0
1055.5 -3.0
1056.0 -1.0
1056.5 -1.0
1057.0 -2.0
1057.5 -3.0
1058.0 -2.0
1058.5 3.0
1059.0 0.0
1059.5 0.0
1060.0 1.0
1060.5 0.0
1061.0 1.0
1061.5 0.0
1062.0 0.0
1062.5 -1.0
1063.0 2.0
1063.5 4.0
1064.0 1.0
1064.5 0.0
1065.0 0.0
1065.5 2.0
1066.0 -1.0
1066.5 5.0
1067.0 0.0
1067.5 -2.0
1068.0 -1.0
1068.5 0.0
1069.0 -1.0
1069.5 3.0
1070.0 0.0
1070.5 3.0
1071.0 0.0
1071.5 1.0
1072.0 -1.0
1072.5 0.0
1073.0 0.0
1073.5 -1.0
1074.0 -1.0
1074.5 -1.0
1075.0 -2.0
1075.5 2.0
1076.0 0.0
1076.5 1.0
1077.0 0.0
1077.5 2.0
1078.0 1.0
1078.5 1.0
1079.0 0.0
1079.5 2.0
1080.0 2.0
1080.5 1.0
1081.0 0.0
1081.5 1.0
1082.0 2.0
1082.5 0.0
1083.0 0.0
1083.5 1.0
1084.0 3.0
1084.5 3.0
1085.0 2.0
1085.5 0.0
1086.0 3.0
1086.5 4.0
1087.0 6.0
1087.5 2.0
1088.0 1.0
1088.5 2.0
1089.0 2.0
1089.5 3.0
1090.0 2.0
1090.5 -1.0
1091.0 0.0
1091.5 2.0
1092.0 -1.0
1092.5 -4.0
1093.0 -1.0
1093.5 -6.0
1094.0 -6.0
1094.5 -4.0
1095.0 -4.0
1095.5 -1.0
1096.0 -3.0
1096.5 -4.0
1097.0 -5.0
1097.5 2.0
1098.0 -1.0
1098.5 -4.0
1099.0 1.0
1099.5 -1.0
1100.0 2.0
1100.5 2.0
1101.0 8.0
1101.5 2.0
1102.0 5.0
1102.5 5.0
1103.0 1.0
1103.5 1.0
1104.0 6.0
1104.5 5.0
1105.0 3.0
1105.5 2.0
1106.0 0.0
1106.5 4.0
1107.0 6.0
1107.5 4.0
1108.0 5.0
1108.5 4.0
1109.0 9.0
1109.5 3.0
1110.0 5.0
1110.5 3.0
1111.0 6.0
1111.5 2.0
1112.0 2.0
1112.5 4.0
1113.0 1.0
1113.5 3.0
1114.0 0.0
1114.5 -1.0
1115.0 1.0
1115.5 3.0
1116.0 0.0
1116.5 3.0
1117.0 2.0
1117.5 0.0
1118.0 6.0
1118.5 3.0
1119.0 3.0
1119.5 0.0
1120.0 1.0
1120.5 0.0
1121.0 2.0
1121.5 -1.0
1122.0 2.0
1122.5 0.0
1123.0 2.0
1123.5 -1.0
1124.0 0.0
1124.5 0.0
1125.0 1.0
1125.5 1.0
1126.0 8.0
1126.5 1.0
1127.0 3.0
1127.5 5.0
1128.0 2.0
1128.5 0.0
1129.0 3.0
1129.5 3.0
1130.0 -1.0
1130.5 4.0
1131.0 2.0
1131.5 3.0
1132.0 3.0
1132.5 9.0
1133.0 4.0
1133.5 4.0
1134.0 6.0
1134.5 1.0
1135.0 10.0
1135.5 7.0
1136.0 12.0
1136.5 9.0
1137.0 11.0
1137.5 3.0
1138.0 3.0
1138.5 0.0
1139.0 2.0
1139.5 8.0
1140.0 1.0
1140.5 3.0
1141.0 1.0
1141.5 6.0
1142.0 1.0
1142.5 1.0
1143.0 4.0
1143.5 2.0
1144.0 2.0
1144.5 1.0
1145.0 3.0
1145.5 -1.0
1146.0 3.0
1146.5 1.0
1147.0 2.0
1147.5 1.0
1148.0 2.0
1148.5 2.0
1149.0 2.0
1149.5 1.0
1150.0 4.0
1150.5 0.0
1151.0 0.0
1151.5 -1.0
1152.0 -1.0
1152.5 0.0
1153.0 1.0
1153.5 -1.0
1154.0 3.0
1154.5 0.0
1155.0 0.0
1155.5 1.0
1156.0 1.0
1156.5 0.0
1157.0 0.0
1157.5 2.0
1158.0 0.0
1158.5 3.0
1159.0 0.0
1159.5 -1.0
1160.0 0.0
1160.5 2.0
1161.0 0.0
1161.5 1.0
1162.0 0.0
1162.5 0.0
1163.0 2.0
1163.5 1.0
1164.0 1.0
1164.5 2.0
1165.0 1.0
1165.5 1.0
1166.0 0.0
1166.5 1.0
1167.0 4.0
1167.5 3.0
1168.0 1.0
1168.5 1.0
1169.0 1.0
1169.5 2.0
1170.0 1.0
1170.5 0.0
1171.0 3.0
1171.5 1.0
1172.0 2.0
1172.5 0.0
1173.0 1.0
1173.5 0.0
1174.0 1.0
1174.5 2.0
1175.0 3.0
1175.5 2.0
1176.0 0.0
1176.5 2.0
1177.0 0.0
1177.5 2.0
1178.0 1.0
1178.5 1.0
1179.0 1.0
1179.5 2.0
1180.0 2.0
1180.5 4.0
1181.0 3.0
1181.5 4.0
1182.0 2.0
1182.5 3.0
1183.0 0.0
1183.5 1.0
1184.0 2.0
1184.5 1.0
1185.0 6.0
1185.5 3.0
1186.0 4.0
1186.5 4.0
1187.0 4.0
1187.5 3.0
1188.0 5.0
1188.5 3.0
1189.0 3.0
1189.5 3.0
1190.0 3.0
1190.5 1.0
1191.0 3.0
1191.5 1.0
1192.0 8.0
1192.5 3.0
1193.0 4.0
1193.5 4.0
1194.0 5.0
1194.5 3.0
1195.0 3.0
1195.5 2.0
1196.0 7.0
1196.5 1.0
1197.0 4.0
1197.5 5.0
1198.0 5.0
1198.5 1.0
1199.0 9.0
1199.5 1.0
1200.0 5.0
1200.5 2.0
1201.0 6.0
1201.5 7.0
1202.0 6.0
1202.5 5.0
1203.0 4.0
1203.5 8.0
1204.0 4.0
1204.5 5.0
1205.0 7.0
1205.5 7.0
1206.0 5.0
1206.5 4.0
1207.0 5.0
1207.5 9.0
1208.0 6.0
1208.5 6.0
1209.0 8.0
1209.5 3.0
1210.0 3.0
1210.5 3.0
1211.0 2.0
1211.5 2.0
1212.0 3.0
1212.5 0.0
1213.0 0.0
1213.5 4.0
1214.0 2.0
1214.5 4.0
1215.0 0.0
1215.5 -1.0
1216.0 1.0
1216.5 5.0
1217.0 2.0
1217.5 1.0
1218.0 2.0
1218.5 1.0
1219.0 3.0
1219.5 0.0
1220.0 2.0
1220.5 1.0
1221.0 0.0
1221.5 1.0
1222.0 1.0
1222.5 -1.0
1223.0 3.0
1223.5 2.0
1224.0 3.0
1224.5 1.0
1225.0 2.0
1225.5 5.0
1226.0 3.0
1226.5 1.0
1227.0 3.0
1227.5 0.0
1228.0 2.0
1228.5 -1.0
1229.0 5.0
1229.5 0.0
1230.0 1.0
1230.5 2.0
1231.0 1.0
1231.5 5.0
1232.0 -1.0
1232.5 1.0
1233.0 3.0
1233.5 1.0
1234.0 3.0
1234.5 4.0
1235.0 1.0
1235.5 1.0
1236.0 6.0
1236.5 4.0
1237.0 3.0
1237.5 4.0
1238.0 0.0
1238.5 3.0
1239.0 4.0
1239.5 5.0
1240.0 1.0
1240.5 3.0
1241.0 7.0
1241.5 3.0
1242.0 4.0
1242.5 2.0
1243.0 1.0
1243.5 4.0
1244.0 2.0
1244.5 3.0
1245.0 4.0
1245.5 2.0
1246.0 3.0
1246.5 1.0
1247.0 2.0
1247.5 3.0
1248.0 2.0
1248.5 7.0
1249.0 7.0
1249.5 5.0
1250.0 3.0
1250.5 4.0
1251.0 3.0
1251.5 4.0
1252.0 2.0
1252.5 0.0
1253.0 2.0
1253.5 2.0
1254.0 2.0
1254.5 2.0
1255.0 3.0
1255.5 2.0
1256.0 4.0
1256.5 2.0
1257.0 3.0
1257.5 2.0
1258.0 6.0
1258.5 1.0
1259.0 6.0
1259.5 3.0
1260.0 0.0
1260.5 3.0
1261.0 7.0
1261.5 1.0
1262.0 2.0
1262.5 3.0
1263.0 0.0
1263.5 0.0
1264.0 3.0
1264.5 7.0
1265.0 4.0
1265.5 5.0
1266.0 1.0
1266.5 3.0
1267.0 2.0
1267.5 0.0
1268.0 0.0
1268.5 2.0
1269.0 1.0
1269.5 1.0
1270.0 3.0
1270.5 3.0
1271.0 3.0
1271.5 0.0
1272.0 2.0
1272.5 1.0
1273.0 4.0
1273.5 4.0
1274.0 4.0
1274.5 2.0
1275.0 2.0
1275.5 1.0
1276.0 2.0
1276.5 2.0
1277.0 1.0
1277.5 0.0
1278.0 1.0
1278.5 2.0
1279.0 2.0
1279.5 1.0
1280.0 1.0
1280.5 2.0
1281.0 -1.0
1281.5 2.0
1282.0 0.0
1282.5 0.0
1283.0 2.0
1283.5 2.0
1284.0 0.0
1284.5 -1.0
1285.0 1.0
1285.5 4.0
1286.0 2.0
1286.5 0.0
1287.0 -1.0
1287.5 2.0
1288.0 2.0
1288.5 1.0
1289.0 2.0
1289.5 5.0
1290.0 1.0
1290.5 2.0
1291.0 0.0
1291.5 1.0
1292.0 1.0
1292.5 1.0
1293.0 4.0
1293.5 2.0
1294.0 0.0
1294.5 3.0
1295.0 1.0
1295.5 1.0
1296.0 4.0
1296.5 1.0
1297.0 1.0
1297.5 3.0
1298.0 1.0
1298.5 2.0
1299.0 3.0
1299.5 1.0
1300.0 2.0
1300.5 2.0
1301.0 2.0
1301.5 2.0
1302.0 1.0
1302.5 2.0
1303.0 5.0
1303.5 1.0
1304.0 1.0
1304.5 0.0
1305.0 3.0
1305.5 2.0
1306.0 2.0
1306.5 0.0
1307.0 1.0
1307.5 -1.0
1308.0 3.0
1308.5 1.0
1309.0 1.0
1309.5 0.0
1310.0 -1.0
1310.5 1.0
1311.0 1.0
1311.5 -1.0
1312.0 1.0
1312.5 0.0
1313.0 -1.0
1313.5 3.0
1314.0 2.0
1314.5 -1.0
1315.0 0.0
1315.5 3.0
1316.0 1.0
1316.5 1.0
1317.0 0.0
1317.5 0.0
1318.0 -1.0
1318.5 0.0
1319.0 3.0
1319.5 1.0
1320.0 2.0
1320.5 2.0
1321.0 3.0
1321.5 3.0
1322.0 1.0
1322.5 1.0
1323.0 0.0
1323.5 2.0
1324.0 2.0
1324.5 2.0
1325.0 1.0
1325.5 5.0
1326.0 3.0
1326.5 3.0
1327.0 2.0
1327.5 4.0
1328.0 4.0
1328.5 2.0
1329.0 0.0
1329.5 1.0
1330.0 5.0
1330.5 2.0
1331.0 3.0
1331.5 0.0
1332.0 6.0
1332.5 1.0
1333.0 1.0
1333.5 3.0
1334.0 2.0
1334.5 1.0
1335.0 1.0
1335.5 3.0
1336.0 1.0
1336.5 0.0
1337.0 1.0
1337.5 2.0
1338.0 3.0
1338.5 2.0
1339.0 0.0
1339.5 1.0
1340.0 0.0
1340.5 2.0
1341.0 0.0
1341.5 1.0
1342.0 0.0
1342.5 3.0
1343.0 1.0
1343.5 -1.0
1344.0 2.0
1344.5 -1.0
1345.0 2.0
1345.5 2.0
1346.0 1.0
1346.5 2.0
1347.0 0.0
1347.5 0.0
1348.0 2.0
1348.5 2.0
1349.0 2.0
1349.5 2.0
1350.0 0.0
1350.5 4.0
1351.0 1.0
1351.5 1.0
1352.0 3.0
1352.5 0.0
1353.0 1.0
1353.5 5.0
1354.0 3.0
1354.5 2.0
1355.0 0.0
1355.5 4.0
1356.0 0.0
1356.5 2.0
1357.0 0.0
1357.5 2.0
1358.0 4.0
1358.5 4.0
1359.0 3.0
1359.5 5.0
1360.0 3.0
1360.5 3.0
1361.0 1.0
1361.5 1.0
1362.0 2.0
1362.5 1.0
1363.0 1.0
1363.5 4.0
1364.0 2.0
1364.5 1.0
1365.0 2.0
1365.5 1.0
1366.0 1.0
1366.5 1.0
1367.0 2.0
1367.5 1.0
1368.0 2.0
1368.5 1.0
1369.0 2.0
1369.5 1.0
1370.0 2.0
1370.5 -1.0
1371.0 2.0
1371.5 3.0
1372.0 4.0
1372.5 1.0
1373.0 2.0
1373.5 -1.0
1374.0 4.0
1374.5 1.0
1375.0 1.0
1375.5 3.0
1376.0 -1.0
1376.5 -1.0
1377.0 2.0
1377.5 3.0
1378.0 3.0
1378.5 4.0
1379.0 3.0
1379.5 0.0
1380.0 2.0
1380.5 1.0
1381.0 1.0
1381.5 0.0
1382.0 3.0
1382.5 0.0
1383.0 4.0
1383.5 0.0
1384.0 2.0
1384.5 1.0
1385.0 3.0
1385.5 0.0
1386.0 3.0
1386.5 3.0
1387.0 2.0
1387.5 0.0
1388.0 1.0
1388.5 3.0
1389.0 1.0
1389.5 1.0
1390.0 1.0
1390.5 2.0
1391.0 -1.0
1391.5 -1.0
1392.0 -1.0
1392.5 1.0
1393.0 0.0
1393.5 1.0
1394.0 1.0
1394.5 2.0
1395.0 3.0
1395.5 1.0
1396.0 -1.0
1396.5 1.0
1397.0 2.0
1397.5 -1.0
1398.0 2.0
1398.5 3.0
1399.0 2.0
1399.5 0.0
1400.0 1.0
1400.5 2.0
1401.0 2.0
1401.5 0.0
1402.0 1.0
1402.5 1.0
1403.0 1.0
1403.5 1.0
1404.0 0.0
1404.5 2.0
1405.0 0.0
1405.5 4.0
1406.0 1.0
1406.5 0.0
1407.0 1.0
1407.5 3.0
1408.0 3.0
1408.5 3.0
1409.0 1.0
1409.5 1.0
1410.0 0.0
1410.5 0.0
1411.0 2.0
1411.5 2.0
1412.0 3.0
1412.5 2.0
1413.0 0.0
1413.5 2.0
1414.0 0.0
1414.5 1.0
1415.0 2.0
1415.5 2.0
1416.0 3.0
1416.5 2.0
1417.0 1.0
1417.5 1.0
1418.0 1.0
1418.5 1.0
1419.0 3.0
1419.5 3.0
1420.0 0.0
1420.5 2.0
1421.0 2.0
1421.5 1.0
1422.0 2.0
1422.5 2.0
1423.0 2.0
1423.5 1.0
1424.0 0.0
1424.5 3.0
1425.0 0.0
1425.5 1.0
1426.0 3.0
1426.5 0.0
1427.0 0.0
1427.5 1.0
1428.0 1.0
1428.5 2.0
1429.0 5.0
1429.5 1.0
1430.0 2.0
1430.5 3.0
1431.0 1.0
1431.5 3.0
1432.0 0.0
1432.5 1.0
1433.0 3.0
1433.5 4.0
1434.0 1.0
1434.5 0.0
1435.0 2.0
1435.5 1.0
1436.0 1.0
1436.5 2.0
1437.0 2.0
1437.5 2.0
1438.0 1.0
1438.5 1.0
1439.0 1.0
1439.5 3.0
1440.0 6.0
1440.5 0.0
1441.0 2.0
1441.5 5.0
1442.0 3.0
1442.5 4.0
1443.0 4.0
1443.5 4.0
1444.0 2.0
1444.5 0.0
1445.0 2.0
1445.5 4.0
1446.0 5.0
1446.5 4.0
1447.0 4.0
1447.5 6.0
1448.0 5.0
1448.5 6.0
1449.0 1.0
1449.5 3.0
1450.0 1.0
1450.5 2.0
1451.0 2.0
1451.5 6.0
1452.0 5.0
1452.5 4.0
1453.0 3.0
1453.5 4.0
1454.0 2.0
1454.5 5.0
1455.0 3.0
1455.5 5.0
1456.0 3.0
1456.5 3.0
1457.0 4.0
1457.5 2.0
1458.0 1.0
1458.5 1.0
1459.0 7.0
1459.5 6.0
1460.0 8.0
1460.5 8.0
1461.0 3.0
1461.5 6.0
1462.0 5.0
1462.5 6.0
1463.0 6.0
1463.5 1.0
1464.0 1.0
1464.5 2.0
1465.0 6.0
1465.5 3.0
1466.0 7.0
1466.5 5.0
1467.0 5.0
1467.5 0.0
1468.0 2.0
1468.5 4.0
1469.0 4.0
1469.5 1.0
1470.0 2.0
1470.5 3.0
1471.0 3.0
1471.5 1.0
1472.0 1.0
1472.5 1.0
1473.0 2.0
1473.5 3.0
1474.0 0.0
1474.5 4.0
1475.0 2.0
1475.5 4.0
1476.0 2.0
1476.5 1.0
1477.0 3.0
1477.5 5.0
1478.0 2.0
1478.5 4.0
1479.0 0.0
1479.5 3.0
1480.0 0.0
1480.5 3.0
1481.0 2.0
1481.5 2.0
1482.0 4.0
1482.5 3.0
1483.0 1.0
1483.5 2.0
1484.0 3.0
1484.5 4.0
1485.0 3.0
1485.5 3.0
1486.0 0.0
1486.5 0.0
1487.0 3.0
1487.5 1.0
1488.0 4.0
1488.5 3.0
1489.0 5.0
1489.5 1.0
1490.0 2.0
1490.5 1.0
1491.0 3.0
1491.5 1.0
1492.0 0.0
1492.5 1.0
1493.0 2.0
1493.5 2.0
1494.0 1.0
1494.5 0.0
1495.0 0.0
1495.5 2.0
1496.0 0.0
1496.5 -1.0
1497.0 0.0
1497.5 2.0
1498.0 0.0
1498.5 0.0
1499.0 2.0
1499.5 0.0
1500.0 2.0
1500.5 2.0
1501.0 2.0
1501.5 4.0
1502.0 0.0
1502.5 2.0
1503.0 1.0
1503.5 1.0
1504.0 1.0
1504.5 0.0
1505.0 0.0
1505.5 3.0
1506.0 2.0
1506.5 0.0
1507.0 3.0
1507.5 1.0
1508.0 -1.0
1508.5 -1.0
1509.0 0.0
1509.5 2.0
1510.0 -1.0
1510.5 2.0
1511.0 -1.0
1511.5 1.0
1512.0 1.0
1512.5 0.0
1513.0 1.0
1513.5 2.0
1514.0 2.0
1514.5 2.0
1515.0 2.0
1515.5 2.0
1516.0 0.0
1516.5 2.0
1517.0 0.0
1517.5 3.0
1518.0 2.0
1518.5 1.0
1519.0 3.0
1519.5 3.0
1520.0 2.0
1520.5 1.0
1521.0 1.0
1521.5 1.0
1522.0 0.0
1522.5 0.0
1523.0 1.0
1523.5 0.0
1524.0 0.0
1524.5 1.0
1525.0 3.0
1525.5 1.0
1526.0 3.0
1526.5 1.0
1527.0 1.0
1527.5 3.0
1528.0 2.0
1528.5 0.0
1529.0 2.0
1529.5 0.0
1530.0 3.0
1530.5 2.0
1531.0 1.0
1531.5 0.0
1532.0 0.0
1532.5 0.0
1533.0 2.0
1533.5 1.0
1534.0 1.0
1534.5 0.0
1535.0 1.0
1535.5 1.0
1536.0 2.0
1536.5 0.0
1537.0 0.0
1537.5 1.0
1538.0 0.0
1538.5 2.0
1539.0 0.0
1539.5 1.0
1540.0 0.0
1540.5 1.0
1541.0 1.0
1541.5 0.0
1542.0 3.0
1542.5 2.0
1543.0 0.0
1543.5 1.0
1544.0 1.0
1544.5 2.0
1545.0 2.0
1545.5 0.0
1546.0 1.0
1546.5 1.0
1547.0 1.0
1547.5 2.0
1548.0 0.0
1548.5 4.0
1549.0 1.0
1549.5 4.0
1550.0 1.0
1550.5 5.0
1551.0 1.0
1551.5 4.0
1552.0 7.0
1552.5 2.0
1553.0 5.0
1553.5 0.0
1554.0 1.0
1554.5 1.0
1555.0 1.0
1555.5 0.0
1556.0 1.0
1556.5 1.0
1557.0 3.0
1557.5 0.0
1558.0 1.0
1558.5 1.0
1559.0 1.0
1559.5 2.0
1560.0 2.0
1560.5 3.0
1561.0 1.0
1561.5 0.0
1562.0 1.0
1562.5 4.0
1563.0 0.0
1563.5 1.0
1564.0 0.0
1564.5 2.0
1565.0 1.0
1565.5 2.0
1566.0 2.0
1566.5 1.0
1567.0 1.0
1567.5 0.0
1568.0 2.0
1568.5 0.0
1569.0 1.0
1569.5 2.0
1570.0 0.0
1570.5 1.0
1571.0 0.0
1571.5 1.0
1572.0 3.0
1572.5 2.0
1573.0 1.0
1573.5 2.0
1574.0 2.0
1574.5 4.0
1575.0 2.0
1575.5 0.0
1576.0 0.0
1576.5 0.0
1577.0 1.0
1577.5 1.0
1578.0 2.0
1578.5 3.0
1579.0 1.0
1579.5 1.0
1580.0 0.0
1580.5 1.0
1581.0 1.0
1581.5 1.0
1582.0 1.0
1582.5 1.0
1583.0 3.0
1583.5 2.0
1584.0 1.0
1584.5 0.0
1585.0 2.0
1585.5 0.0
1586.0 4.0
1586.5 1.0
1587.0 2.0
1587.5 2.0
1588.0 0.0
1588.5 1.0
1589.0 0.0
1589.5 4.0
1590.0 3.0
1590.5 1.0
1591.0 2.0
1591.5 2.0
1592.0 3.0
1592.5 0.0
1593.0 4.0
1593.5 1.0
1594.0 1.0
1594.5 0.0
1595.0 3.0
1595.5 2.0
1596.0 1.0
1596.5 0.0
1597.0 1.0
1597.5 1.0
1598.0 1.0
1598.5 0.0
1599.0 2.0
1599.5 1.0
1600.0 1.0
1600.5 0.0
1601.0 4.0
1601.5 2.0
1602.0 2.0
1602.5 0.0
1603.0 0.0
1603.5 2.0
1604.0 0.0
1604.5 1.0
1605.0 0.0
1605.5 1.0
1606.0 1.0
1606.5 0.0
1607.0 0.0
1607.5 0.0
1608.0 4.0
1608.5 1.0
1609.0 0.0
1609.5 0.0
1610.0 0.0
1610.5 2.0
1611.0 1.0
1611.5 2.0
1612.0 1.0
1612.5 0.0
1613.0 1.0
1613.5 0.0
1614.0 3.0
1614.5 1.0
1615.0 1.0
1615.5 2.0
1616.0 0.0
1616.5 1.0
1617.0 0.0
1617.5 2.0
1618.0 2.0
1618.5 0.0
1619.0 3.0
1619.5 0.0
1620.0 1.0
1620.5 3.0
1621.0 0.0
1621.5 1.0
1622.0 0.0
1622.5 3.0
1623.0 2.0
1623.5 0.0
1624.0 1.0
1624.5 3.0
1625.0 2.0
1625.5 0.0
1626.0 1.0
1626.5 3.0
1627.0 1.0
1627.5 3.0
1628.0 3.0
1628.5 1.0
1629.0 4.0
1629.5 1.0
1630.0 3.0
1630.5 1.0
1631.0 1.0
1631.5 2.0
1632.0 1.0
1632.5 1.0
1633.0 1.0
1633.5 4.0
1634.0 1.0
1634.5 0.0
1635.0 0.0
1635.5 1.0
1636.0 1.0
1636.5 1.0
1637.0 0.0
1637.5 2.0
1638.0 0.0
1638.5 1.0
1639.0 2.0
1639.5 2.0
1640.0 1.0
1640.5 0.0
1641.0 1.0
1641.5 1.0
1642.0 0.0
1642.5 2.0
1643.0 0.0
1643.5 1.0
1644.0 1.0
1644.5 2.0
1645.0 0.0
1645.5 2.0
1646.0 4.0
1646.5 0.0
1647.0 2.0
1647.5 1.0
1648.0 2.0
1648.5 1.0
1649.0 2.0
1649.5 0.0
1650.0 2.0
1650.5 1.0
1651.0 1.0
1651.5 1.0
1652.0 0.0
1652.5 1.0
1653.0 2.0
1653.5 3.0
1654.0 2.0
1654.5 0.0
1655.0 1.0
1655.5 2.0
1656.0 1.0
1656.5 2.0
1657.0 2.0
1657.5 3.0
1658.0 0.0
1658.5 0.0
1659.0 4.0
1659.5 2.0
1660.0 0.0
1660.5 0.0
1661.0 1.0
1661.5 0.0
1662.0 0.0
1662.5 2.0
1663.0 3.0
1663.5 2.0
1664.0 0.0
1664.5 0.0
1665.0 0.0
1665.5 2.0
1666.0 2.0
1666.5 4.0
1667.0 0.0
1667.5 0.0
1668.0 1.0
1668.5 3.0
1669.0 1.0
1669.5 0.0
1670.0 1.0
1670.5 1.0
1671.0 1.0
1671.5 1.0
1672.0 0.0
1672.5 1.0
1673.0 3.0
1673.5 1.0
1674.0 0.0
1674.5 0.0
1675.0 0.0
1675.5 0.0
1676.0 0.0
1676.5 2.0
1677.0 1.0
1677.5 0.0
1678.0 0.0
1678.5 1.0
1679.0 3.0
1679.5 1.0
1680.0 0.0
1680.5 0.0
1681.0 1.0
1681.5 2.0
1682.0 4.0
1682.5 1.0
1683.0 3.0
1683.5 1.0
1684.0 2.0
1684.5 2.0
1685.0 0.0
1685.5 2.0
1686.0 0.0
1686.5 0.0
1687.0 0.0
1687.5 0.0
1688.0 2.0
1688.5 1.0
1689.0 3.0
1689.5 2.0
1690.0 2.0
1690.5 1.0
1691.0 1.0
1691.5 2.0
1692.0 0.0
1692.5 4.0
1693.0 0.0
1693.5 2.0
1694.0 0.0
1694.5 1.0
1695.0 0.0
1695.5 2.0
1696.0 2.0
1696.5 0.0
1697.0 1.0
1697.5 0.0
1698.0 1.0
1698.5 2.0
1699.0 2.0
1699.5 1.0
1700.0 1.0
1700.5 1.0
1701.0 1.0
1701.5 1.0
1702.0 0.0
1702.5 3.0
1703.0 1.0
1703.5 1.0
1704.0 1.0
1704.5 0.0
1705.0 2.0
1705.5 2.0
1706.0 0.0
1706.5 1.0
1707.0 1.0
1707.5 1.0
1708.0 2.0
1708.5 0.0
1709.0 3.0
1709.5 0.0
1710.0 1.0
1710.5 0.0
1711.0 1.0
1711.5 3.0
1712.0 0.0
1712.5 0.0
1713.0 2.0
1713.5 0.0
1714.0 2.0
1714.5 1.0
1715.0 2.0
1715.5 0.0
1716.0 3.0
1716.5 2.0
1717.0 0.0
1717.5 3.0
1718.0 3.0
1718.5 1.0
1719.0 1.0
1719.5 1.0
1720.0 0.0
1720.5 2.0
1721.0 1.0
1721.5 2.0
1722.0 2.0
1722.5 1.0
1723.0 0.0
1723.5 0.0
1724.0 3.0
1724.5 4.0
1725.0 2.0
1725.5 0.0
1726.0 0.0
1726.5 2.0
1727.0 0.0
1727.5 3.0
1728.0 0.0
1728.5 3.0
1729.0 2.0
1729.5 1.0
1730.0 1.0
1730.5 3.0
1731.0 0.0
1731.5 2.0
1732.0 2.0
1732.5 2.0
1733.0 2.0
1733.5 0.0
1734.0 3.0
1734.5 3.0
1735.0 0.0
1735.5 0.0
1736.0 0.0
1736.5 2.0
1737.0 2.0
1737.5 2.0
1738.0 1.0
1738.5 3.0
1739.0 1.0
1739.5 1.0
1740.0 0.0
1740.5 3.0
1741.0 2.0
1741.5 2.0
1742.0 2.0
1742.5 3.0
1743.0 1.0
1743.5 0.0
1744.0 0.0
1744.5 1.0
1745.0 1.0
1745.5 1.0
1746.0 2.0
1746.5 0.0
1747.0 1.0
1747.5 1.0
1748.0 0.0
1748.5 0.0
1749.0 0.0
1749.5 0.0
1750.0 0.0
1750.5 1.0
1751.0 0.0
1751.5 1.0
1752.0 1.0
1752.5 2.0
1753.0 2.0
1753.5 0.0
1754.0 1.0
1754.5 1.0
1755.0 1.0
1755.5 4.0
1756.0 1.0
1756.5 0.0
1757.0 1.0
1757.5 0.0
1758.0 3.0
1758.5 0.0
1759.0 0.0
1759.5 0.0
1760.0 4.0
1760.5 2.0
1761.0 1.0
1761.5 0.0
1762.0 0.0
1762.5 1.0
1763.0 3.0
1763.5 2.0
1764.0 3.0
1764.5 3.0
1765.0 1.0
1765.5 1.0
1766.0 0.0
1766.5 2.0
1767.0 1.0
1767.5 0.0
1768.0 0.0
1768.5 2.0
1769.0 0.0
1769.5 1.0
1770.0 2.0
1770.5 1.0
1771.0 1.0
1771.5 0.0
1772.0 1.0
1772.5 0.0
1773.0 2.0
1773.5 1.0
1774.0 1.0
1774.5 2.0
1775.0 2.0
1775.5 0.0
1776.0 1.0
1776.5 1.0
1777.0 0.0
1777.5 1.0
1778.0 1.0
1778.5 1.0
1779.0 1.0
1779.5 0.0
1780.0 1.0
1780.5 0.0
1781.0 2.0
1781.5 0.0
1782.0 0.0
1782.5 3.0
1783.0 2.0
1783.5 1.0
1784.0 3.0
1784.5 3.0
1785.0 1.0
1785.5 0.0
1786.0 2.0
1786.5 3.0
1787.0 2.0
1787.5 1.0
1788.0 1.0
1788.5 0.0
1789.0 1.0
1789.5 2.0
1790.0 3.0
1790.5 0.0
1791.0 2.0
1791.5 1.0
1792.0 1.0
1792.5 2.0
1793.0 1.0
1793.5 5.0
1794.0 2.0
1794.5 0.0
1795.0 0.0
1795.5 2.0
1796.0 0.0
1796.5 3.0
1797.0 1.0
1797.5 2.0
1798.0 0.0
1798.5 2.0
1799.0 1.0
1799.5 2.0
1800.0 0.0
1800.5 0.0
1801.0 0.0
1801.5 1.0
1802.0 1.0
1802.5 0.0
1803.0 1.0
1803.5 0.0
1804.0 1.0
1804.5 1.0
1805.0 1.0
1805.5 0.0
1806.0 1.0
1806.5 3.0
1807.0 7.0
1807.5 1.0
1808.0 1.0
1808.5 0.0
1809.0 3.0
1809.5 1.0
1810.0 2.0
1810.5 1.0
1811.0 1.0
1811.5 0.0
1812.0 1.0
1812.5 3.0
1813.0 2.0
1813.5 0.0
1814.0 1.0
1814.5 0.0
1815.0 0.0
1815.5 1.0
1816.0 1.0
1816.5 1.0
1817.0 1.0
1817.5 2.0
1818.0 0.0
1818.5 0.0
1819.0 1.0
1819.5 1.0
1820.0 0.0
1820.5 0.0
1821.0 2.0
1821.5 1.0
1822.0 0.0
1822.5 1.0
1823.0 0.0
1823.5 2.0
1824.0 0.0
1824.5 1.0
1825.0 1.0
1825.5 1.0
1826.0 0.0
1826.5 1.0
1827.0 0.0
1827.5 1.0
1828.0 3.0
1828.5 0.0
1829.0 1.0
1829.5 2.0
1830.0 0.0
1830.5 1.0
1831.0 2.0
1831.5 1.0
1832.0 0.0
1832.5 0.0
1833.0 2.0
1833.5 0.0
1834.0 0.0
1834.5 2.0
1835.0 1.0
1835.5 0.0
1836.0 0.0
1836.5 0.0
1837.0 1.0
1837.5 0.0
1838.0 1.0
1838.5 2.0
1839.0 1.0
1839.5 0.0
1840.0 1.0
1840.5 1.0
1841.0 0.0
1841.5 0.0
1842.0 0.0
1842.5 2.0
1843.0 0.0
1843.5 0.0
1844.0 1.0
1844.5 1.0
1845.0 1.0
1845.5 4.0
1846.0 1.0
1846.5 1.0
1847.0 3.0
1847.5 0.0
1848.0 0.0
1848.5 1.0
1849.0 0.0
1849.5 1.0
1850.0 0.0
1850.5 0.0
1851.0 3.0
1851.5 1.0
1852.0 2.0
1852.5 1.0
1853.0 0.0
1853.5 0.0
1854.0 0.0
1854.5 3.0
1855.0 0.0
1855.5 1.0
1856.0 1.0
1856.5 0.0
1857.0 0.0
1857.5 1.0
1858.0 1.0
1858.5 0.0
1859.0 1.0
1859.5 0.0
1860.0 0.0
1860.5 2.0
1861.0 2.0
1861.5 1.0
1862.0 2.0
1862.5 1.0
1863.0 1.0
1863.5 1.0
1864.0 0.0
1864.5 1.0
1865.0 0.0
1865.5 1.0
1866.0 0.0
1866.5 0.0
1867.0 1.0
1867.5 3.0
1868.0 2.0
1868.5 1.0
1869.0 1.0
1869.5 2.0
1870.0 0.0
1870.5 1.0
1871.0 2.0
1871.5 1.0
1872.0 1.0
1872.5 0.0
1873.0 0.0
1873.5 1.0
1874.0 2.0
1874.5 1.0
1875.0 1.0
1875.5 2.0
1876.0 0.0
1876.5 1.0
1877.0 1.0
1877.5 2.0
1878.0 0.0
1878.5 0.0
1879.0 1.0
1879.5 0.0
1880.0 1.0
1880.5 0.0
1881.0 0.0
1881.5 1.0
1882.0 0.0
1882.5 0.0
1883.0 1.0
1883.5 0.0
1884.0 2.0
1884.5 1.0
1885.0 0.0
1885.5 0.0
1886.0 0.0
1886.5 1.0
1887.0 0.0
1887.5 0.0
1888.0 1.0
1888.5 0.0
1889.0 2.0
1889.5 0.0
1890.0 0.0
1890.5 1.0
1891.0 1.0
1891.5 0.0
1892.0 2.0
1892.5 1.0
1893.0 0.0
1893.5 1.0
1894.0 1.0
1894.5 0.0
1895.0 0.0
1895.5 0.0
1896.0 0.0
1896.5 0.0
1897.0 0.0
1897.5 1.0
1898.0 0.0
1898.5 1.0
1899.0 2.0
1899.5 1.0
1900.0 2.0
1900.5 0.0
1901.0 1.0
1901.5 0.0
1902.0 0.0
1902.5 0.0
1903.0 1.0
1903.5 1.0
1904.0 1.0
1904.5 0.0
1905.0 0.0
1905.5 0.0
1906.0 0.0
1906.5 1.0
1907.0 2.0
1907.5 0.0
1908.0 0.0
1908.5 2.0
1909.0 1.0
1909.5 0.0
1910.0 0.0
1910.5 0.0
1911.0 0.0
1911.5 1.0
1912.0 0.0
1912.5 1.0
1913.0 0.0
1913.5 0.0
1914.0 1.0
1914.5 1.0
1915.0 1.0
1915.5 0.0
1916.0 4.0
1916.5 0.0
1917.0 3.0
1917.5 2.0
1918.0 3.0
1918.5 0.0
1919.0 0.0
1919.5 0.0
1920.0 0.0
1920.5 2.0
1921.0 1.0
1921.5 0.0
1922.0 2.0
1922.5 1.0
1923.0 0.0
1923.5 1.0
1924.0 0.0
1924.5 3.0
1925.0 0.0
1925.5 0.0
1926.0 1.0
1926.5 0.0
1927.0 0.0
1927.5 0.0
1928.0 0.0
1928.5 1.0
1929.0 1.0
1929.5 0.0
1930.0 1.0
1930.5 1.0
1931.0 0.0
1931.5 1.0
1932.0 1.0
1932.5 1.0
1933.0 1.0
1933.5 0.0
1934.0 2.0
1934.5 0.0
1935.0 1.0
1935.5 0.0
1936.0 1.0
1936.5 0.0
1937.0 0.0
1937.5 1.0
1938.0 1.0
1938.5 3.0
1939.0 0.0
1939.5 1.0
1940.0 1.0
1940.5 1.0
1941.0 0.0
1941.5 4.0
1942.0 0.0
1942.5 1.0
1943.0 1.0
1943.5 2.0
1944.0 2.0
1944.5 3.0
1945.0 1.0
1945.5 1.0
1946.0 2.0
1946.5 1.0
1947.0 1.0
1947.5 1.0
1948.0 3.0
1948.5 5.0
1949.0 2.0
1949.5 1.0
1950.0 5.0
1950.5 3.0
1951.0 4.0
1951.5 2.0
1952.0 1.0
1952.5 1.0
1953.0 1.0
1953.5 1.0
1954.0 4.0
1954.5 1.0
1955.0 0.0
1955.5 0.0
1956.0 1.0
1956.5 1.0
1957.0 1.0
1957.5 0.0
1958.0 0.0
1958.5 1.0
1959.0 0.0
1959.5 3.0
1960.0 1.0
1960.5 1.0
1961.0 3.0
1961.5 2.0
1962.0 0.0
1962.5 0.0
1963.0 0.0
1963.5 1.0
1964.0 0.0
1964.5 2.0
1965.0 0.0
1965.5 2.0
1966.0 3.0
1966.5 0.0
1967.0 0.0
1967.5 1.0
1968.0 1.0
1968.5 2.0
1969.0 0.0
1969.5 1.0
1970.0 1.0
1970.5 0.0
1971.0 0.0
1971.5 0.0
1972.0 1.0
1972.5 2.0
1973.0 1.0
1973.5 0.0
1974.0 1.0
1974.5 0.0
1975.0 0.0
1975.5 1.0
1976.0 0.0
1976.5 0.0
1977.0 0.0
1977.5 1.0
1978.0 1.0
1978.5 0.0
1979.0 1.0
1979.5 2.0
1980.0 0.0
1980.5 0.0
1981.0 1.0
1981.5 2.0
1982.0 2.0
1982.5 2.0
1983.0 0.0
1983.5 1.0
1984.0 1.0
1984.5 3.0
1985.0 1.0
1985.5 1.0
1986.0 1.0
1986.5 1.0
1987.0 1.0
1987.5 0.0
1988.0 0.0
1988.5 0.0
1989.0 0.0
1989.5 0.0
1990.0 3.0
1990.5 0.0
1991.0 1.0
1991.5 2.0
1992.0 2.0
1992.5 0.0
1993.0 0.0
1993.5 1.0
1994.0 1.0
1994.5 0.0
1995.0 0.0
1995.5 1.0
1996.0 0.0
1996.5 0.0
1997.0 1.0
1997.5 0.0
1998.0 1.0
1998.5 1.0
1999.0 0.0
1999.5 1.0
